0 100 ( 
0 111 Ù ( [ 
0 111 Ð Ù ! 
0 010 Ð 
0 100 ® 
0 010 ® 
0 001 ã 
0 010 ã 
0 100 € 
0 010 € 
0 010 € 
0 001 â 
0 010 â 
0 100 — 
0 010 — 
0 100 ‹ 
0 010 ‹ 
0 001 ä 
0 010 ä 
0 100 ¸ 
0 010 ¸ 
0 100 ‰ 
0 010 ‰ 
0 001 ã 
0 010 ã 
0 100 € 
0 010 € 
0 010 € 
0 001 ï 
0 010 ï 
0 100 ¼ 
0 010 ¼ 
0 010 ¼ 
0 001 ( 
0 010 ( 
0 100 ï 
0 010 ï 
0 100 ¿ 
0 010 ¿ 
0 100 £ 
0 010 £ 
0 001 ^ 
0 010 ^ 
0 100 ï 
0 010 ï 
0 100 ¿ 
0 010 ¿ 
0 100 £ 
0 010 £ 
0 001 ï 
0 010 ï 
0 100 ¼ 
0 010 ¼ 
0 010 ¼ 
0 001 ) 
0 010 ) 
0 100 0 
10 000 
0 000 
100 000 
0 010 © 
0 001 ( 
0 010 ( 
0 100 Ë 
0 010 Ë 
0 100 Š 
0 010 Š 
0 001 ã 
0 010 ã 
0 100 € 
0 010 € 
0 001 ‡ 
0 010 ‡ 
0 001 Ë 
0 010 Ë 
0 100 ‹ 
0 010 ‹ 
0 001 * 
0 010 * 
0 100 ) 
0 010 ) 
0 100 Ù 
0 010 Ù 
0 100 ˆ 
0 010 ˆ 
0 001 0 
10 000 
0 000 
